20.28523685625977    -3.1755198937555704
20.868797579838386    -2.977024073139937
21.469146035328464    -2.8012134891660843
22.086765168088313    -2.6424168326735753
22.722151816729944    -2.4609349395392783
23.37581711279684    -2.3078095922072173
24.04828689193948    -2.1546842448751526
24.74010211691949    -2.007230206703543
25.45181931278271    -1.8654474776923706
26.1840110145511    -1.7350073670020976
26.937266227793867    -1.5875533288304808
27.712190902448103    -1.4684558364611
28.50940842027022    -1.3380157257708234
29.32956009631029    -1.2302608517223348
30.18757185297302    -1.1077605738566838
31.04132395995745    -0.9863945578231252
31.934313161871607    -0.8616257562932965
32.852991658345616    -0.7481995730843636
33.798098472710976    -0.6574586265172115
34.77039388834128    -0.5837316074314067
35.770660060255985    -0.5156758975060463
36.799701644318446    -0.43627756925979
37.85834644453476    -0.37956447765532175
38.94744607897384    -0.3455366226926415
40.067876664844526    -0.3115087677299613
41.41584841454455    -0.3171800768904056
42.607289393995366    -0.3115087677299613
43.833005455615364    -0.3115087677299613
45.09398261657027    -0.30583745856951694
46.39123525952605    -0.2718096036068367
47.72580694866072    -0.22076782116281635
49.09877126915072    -0.14704080207700443
50.511232690807965    -0.09032771047253974
52.21054197238698    -0.026052873320811187
53.712522051186795    -0.01660069138673137
55.257710724877356    -0.0562998555098595
56.847351007729465    -0.14704080207700443
58.48272167274397    -0.24912436696504514
60.16513828035    -0.4306062600993421
61.866703209918846    -0.6381761753716937
63.67656188239011    -0.975051939502233
65.50839361254901    -1.3266731074499312
67.39292302908457    -1.604567256311821
69.3316661261263    -1.7123221303603096
71.32618250955161    -1.7009795120394173
73.4822069329717    -1.5501226883715304
75.48899918156543    -1.3266731074499312
77.66064821365582    -1.0544502677484857
79.89477071300242    -0.8616257562932965
82.19316390100406    -0.6858151723194474
84.95832323010391    -0.5383611341478307
87.40238345624253    -0.4419488784202379
89.91675380812143    -0.36255055017398163
92.50345695021043    -0.3115087677299613
95.29962107141148    -0.2706753417747443
97.90224487440202    -0.2434530578046008
100.71867266687553    -0.2718096036068367
103.6161227639998    -0.27748091276728104
107.10199768239475    -0.3285226952113014
110.18308170951892    -0.37956447765532175
113.35280160700614    -0.4419488784202379
116.61370722985751    -0.5156758975060463
119.96842178667767    -0.6120881532336426
123.41964394989415    -0.6801438631590031
126.97015002668117    -0.7595421914052523
130.62279619233783    -0.8275979013306163
134.38052078791443    -0.906996229576869
138.24634668393625    -0.9920658669835731
142.22338371212774    -1.0487789585880378
146.31483116708984    -1.0998207410320582
150.5239803799471    -1.1622051417969743
154.8542173660314    -1.218918233401439
159.3090255487337    -1.2756313250059108
163.8919885617161    -1.3210017982894833
168.6067931317351    -1.3890575082148438
173.45723204439986    -1.4344279814984198
178.44720719524656    -1.4344279814984198
183.58073272858562    -1.445770599819312
188.86193826664808    -1.4684558364611
194.29507223162486    -1.4684558364611
199.88450526327594    -1.5024836914237802
205.6347337348552    -1.5119358733578565
211.5503833701798    -1.5535254738678006
217.7391129475101    -1.5841505433342107
223.89711821395719    -1.6272524929536054
230.33813565131496    -1.6556090387558413
236.9644467001285    -1.6726229662371814
243.78138184161116    -1.6726229662371814
250.79442490295372    -1.6726229662371814
258.0092174687445    -1.6726229662371814
265.43156341929466    -1.649937729595397
273.0674335995224    -1.621581183793161
280.9229706221489    -1.604567256311821
289.0044938090731    -1.5875533288304808
297.31850427489854    -1.5535254738678006
305.8716901567005    -1.5365115463864605
314.67093199424306    -1.5251689280655647
323.72330826497205    -1.5024836914237802
333.5087101257281    -1.5024836914237802
342.61680203332867    -1.5024836914237802
352.47311824602593    -1.5024836914237802
362.61297854852927    -1.5138263097446725
373.04453986773973    -1.5478541647073563
383.7761937870327    -1.576210710509585
394.8165732967989    -1.6329238021140569
406.1745597391809    -1.6782942753976258
417.8592899525964    -1.7236647486812018
429.880163621791    -1.7293360578416497
441.6201509763804    -1.6930396792147917
454.96929988466553    -1.649937729595397
468.0577452268661    -1.559196783028245
481.5227157577319    -1.4627845273006521
495.3750432616336    -1.3436870349312713
509.62587112906056    -1.2075756150805503
524.2866633208303    -1.0771355043902737
539.3692135901763    -0.929681466218657
553.575743716017    -0.7878987372074882
570.8484695338616    -0.6291020807149827
587.2704984357388    -0.5043332791851505
604.1649522413286    -0.3568792410135373
621.5454215545079    -0.2150965120023649
639.425887950314    -0.12435556543521997
657.8207352223113    -0.009038945839471069
676.4249423261293    0.11837646663190426
696.2131884201688    0.2386082208333704
716.2416788380208    0.3577057132027548
736.8463439608196    0.4597892780907955
758.0437590413014    0.573215461299732
779.8509761650138    0.680970335348217
803.42405539177    0.7909937330608869
825.3654917474405    0.8964800834451943
849.109403982428    1.038262812456363
873.5363752668416    1.1516889956652996
898.6660556760523    1.2764577971951283
925.8306381107949    1.3966895513966016
951.1149868751984    1.51465278193389
978.4764297747961    1.6280789651428265
1006.6249999596096    1.7301625300308672
1035.09394137843    1.8594683788890514
1065.3747491381328    1.9626862056091845
1096.0231888825076    2.0761123888181174
1127.5533154319473    2.195209881187502
1160.5389448695441    2.281413780426295
1193.3608152155782    2.3426639193591186
1227.6911267496364    2.405048320124031
1263.009044274272    2.4617614117284994
1299.3429789966365    2.5468310491352
1336.7221594505277    2.6148867590605605
1375.176655009045    2.6772711598254766
1414.7374000736431    2.711299014788157
1455.436218959061    2.7339842514299413
1497.305851494123    2.7566694880717293
1540.379979359027    2.785026033873965
1584.6932531802968    2.8757669804411137
1630.2813204051906    2.9381513812060263
1677.18085397799    3.0685914918962993
1725.4295818412581    3.204702911747024
1775.0663172857596    3.374842186560425
1826.1309901735026    3.5222962247320417
1878.6646790589818    3.675421572064103
1932.7096442344769    3.794519064433487
1988.3093617260095    3.9476444117655483
2045.5085582672564    4.1291263048998434
2104.3532472796164    4.3162795071945865
2164.8907658873213    4.531789255291562
2227.1698129973875    4.735956385067645
2291.2404884750645    4.9769870243866325
2353.814053476046    5.228226020194423
2424.9643717592976    5.456212648444383
2494.72515263968    5.671722396541359
2566.4927945715963    5.84753298051521
2640.325030442057    5.9893157095263785
2716.2812539836127    6.125427129377099
2794.4225675531707    6.295566404190502
2874.8118312852575    6.4827196064852455
2957.513713659358    6.732257209544901
3042.5947435219296    6.998808740085899
3133.295531296338    7.286425133222842
3220.169985584249    7.719065003462637
3307.5913266316174    8.09904271721257
3384.029567353569    8.522122380581896
3473.162051714963    8.88168338135422
3573.077126622215    9.250318476783258
3661.415301328427    9.655249950839158
3757.1138311924565    10.083150226994865
3872.055118403469    10.441293400477077
3983.4454513161745    10.702173621857627
4098.040234033175    10.957382534077732
4215.931651381293    11.161549663853814
4337.214540137842    11.274975847062748
4461.986465321326    11.326017629506769
4590.347798676793    11.303332392864982
4722.401799419045    11.189906209656048
4851.370154091137    10.965322366902356
4998.0157780577765    10.634117911932266
5141.797471343781    10.232589223372635
5207.841654559762    9.857375409317479
5308.501908753664    9.531048280225374
5414.397391900686    9.15795715617027
5550.132665736015    8.690749306285845
5680.313480089145    8.312121904240783
5773.122672285556    8.067850516830111
5925.181853821106    7.792792022548445
6081.246145935771    7.623787009567131
6270.993797457616    7.548925728649234
6451.396210499797    7.509226564526106
6636.98839595805    7.395800381317171
6827.919651933645    7.191633251541088
7024.343571499048    6.891053866037412
7226.4181662545825    6.573460553052392
7416.7559252406245    6.227510694265142
7630.119342439468    5.911051643112213
7868.195090619286    5.951506981790063
8094.545399115808    6.238853312586034
8317.572289713491    6.566371416601834
8486.358399266534    6.978959158024335
8627.927482010338    7.373115144675385
8897.136939730837    7.8041346408693375
9153.087595230592    8.053672243928993
9416.401376474554    8.15008449965659
9687.290104060034    8.13307057217525
9951.849097347202    8.066149124081978
10252.670323959155    7.9572599882014
10547.616631722685    7.855176423313358
10851.04788260004    7.668023221018615
11163.208169355683    7.350429908033599
11484.34860675499    6.834340774432944
11611.71706323602    6.448691751522565
11786.836661962187    6.040357491970399
11955.174981708078    5.575310140813764
12068.734079577946    5.172420338055629
12183.371845784224    4.724613766746753
12299.098526316928    4.289057223224441
12406.14672996516    3.8001903735939315
12514.126653761856    3.30111516747462
12613.105560869357    2.8190538888366454
12783.169683199387    2.3143073735568827
12906.627162166835    1.8798850918666616
13029.223856846831    1.464745261321962
13152.985065644854    1.0496054307772589
13277.921849977647    0.6004377452698755
13380.833379423286    0.13085334678488536
13507.934435630263    -0.36255055017398163
13636.242791713925    -0.8672970654537444
13765.769915501809    -1.3777148898939515
13879.333959790007    -1.9302624395260466
14011.170143360712    -2.4892914853415142
14119.446946117509    -2.9860981677966514
14206.478671531153    -3.382522678111876
14307.566710943058    -3.8990169052239914
14388.954796945569    -4.394851363251622
14500.477470599526    -4.89052378387467
14594.45628499406    -5.3476313022066755
14684.415949618624    -5.738951634277502
14788.904813648704    -6.238026840396813
14919.30267517787    -6.82055130987699
15085.445985770126    -7.3076357480570735
15255.499695634204    -7.72958114959431
15475.466995166016    -8.21958226105691
15763.405105424774    -8.619976687784451
16222.359268471033    -8.531666302286066
16520.846937262115    -8.11360979845885
16736.063597151995    -7.689881985471185
17082.411394692754    -7.253191180116783
17573.834020151433    -6.878884775527297
18079.393771290645    -6.754115973997472
18599.497341477967    -6.929926557971321
19074.35921788845    -7.338260817523484
19270.71758649274    -7.69555329463163
19545.939879958223    -8.090276412198726
19638.5513763338    -8.478193958773282
19825.09286829688    -8.920556073288129
19997.645399213678    -9.41963127940744
20203.508410477203    -9.885586040029747
20492.05272107818    -10.34972598172071
20686.701400337824    -10.737643528295266
21024.69613476639    -11.142088890137416
21339.37373275096    -11.530978661139475
21688.032313840897    -11.983063019929375
22049.831179353554    -12.385725970321097
22684.155320056845    -12.442439061925562
23364.321760424096    -12.178723185964785
23838.44724258727    -11.72785410770927
24224.66564381711    -11.220839068765333
24815.75732642921    -10.916856897765385
25269.517380233232    -11.166394500825042
25445.316293159307    -11.608756615339889
25590.061072804107    -12.226929313828585
25650.614139612633    -12.765703684071028
25650.614139612633    -13.157024016141854
25711.31049149923    -13.769525405470098
